588
187
44
755 802
281
728 718
953 968
819 628
369
23
900 942
441
775 572
92
91
463
536 509
370
401
831 943
155
378
833 902
620 568
256
251
637 873
283
11
779 906
597 553
847 823
451
111
630 563
890 868
532 978
211
277
778 736
361
969 774
38
438
924 798
292
516 557
286
747 571
485
386
702 707
348
877 845
991 679
799 614
663 740
480
604 745
222
391
581 967
388
908 725
284
285
325
263
260
24
923 749
899 761
495
964 505
314
90
894 611
34
821 788
746 830
822 806
729 758
843 932
230
129
644 960
619 635
450
279
471
743 997
364
742 533
561 593
647 544
500 862
473
130
514 955
139
140
724 892
149
966 687
889 903
3
970 782
31
63
844 744
905 643
243
313
15
344
760 579
127
861 852
704 859
387
954 996
406
605 824
470
411
19
298
638 681
4
167
804 560
122
855 754
541 895
422
342
352
565 777
192
154
367
998 558
850 529
622 829
815 522
712 546
196
834 884
499
733 569
550 582
197
202
414
381
358
20
764 648
669 665
741 583
848 621
642 587
538 786
99
136
208
17
316
818 974
851 706
858 797
497
107
150
475
432
937 719
300
479
531 641
179
947 697
225
48
864 662
51
594 674
241
612 959
472
840 993
60
309
73
796 703
146
800 618
74
368
210
896 634
836 615
881 869
616 958
272
730 657
664 515
8
726 603
452
551 666
530 513
247
826 935
493
590 767
270
265
271
789 980
915 791
275
931 678
609 769
41
488
301
975 886
193
98
347
329
956 995
994 682
434
671 976
655 957
162
820 698
817 874
96
973 601
151
888 534
415
650 914
910 508
293
555 787
430
694 762
854 941
801 549
780 768
164
921 631
454
163
203
627 723
897 757
350
668 841
721 759
670 918
400
274
355
0
312
76
926 827
617 654
489
652 567
13
599 623
25
176
28
334
356
302
421
238
404
78
440
807 810
562 783
613 528
494
596 523
416
198
372
10
940 979
439
584 700
394
261
269
457
287
249
680 737
396
503 756
448
453
548 714
911 805
266
672 814
374
981 901
965 846
246
407
297
9
52
930 912
460
772 922
765 688
324
209
878 506
511 913
339
545 575
455
484
436
413
305
235
519 689
226
80
397
115
636 639
936 677
94
447
304
259
875 547
750 501
732 699
431
989 602
870 518
435
67
929 715
217
244
280
375
408
695 722
213
927 543
428
195
161
592 983
540 872
377
112
54
962 658
232
106
564 552
40
393
925 574
262
204
716 586
216
315
231
481
398
709 577
278
219
299
223
65
461
268
147
934 985
141
988 731
498
379
116
327
945 713
632 776
30
335
353
170
708 598
539 578
705 659
951 766
770 527
885 504
893 608
811 566
245
331
296
311
133
276
294
950 512
907 839
46
946 580
64
190
383
987 793
525 837
185
134
808 585
77
105
984 524
330
409
412
6
354
68
492
254
710 510
178
573 938
218
35
595 686
464
220
624 904
152
842 645
646 526
290
496
125
359
865 882
343
326
963 933
143
212
328
542 856
145
101
109
443
182
477
446
227
32
469
385
427
785 944
157
456
264
738 673
39
876 961
458
239
26
462
478
45
83
93
221
171
992 717
625 784
56
692 696
36
16
487
376
319
59
727 600
417
153
215
520 849
50
172
205
42
426
200
651 835
89
734 898
336
321
87
425
66
181
117
119
949 990
132
95
838 629
123
482
474
288
168
395
320
102
338
242
88
437
445
382
366
405
351
809 748
711 999
360
175
191
194
365
158
291
55
684 559
214
363
49
201
373
323
252
273
490
199
467
535 633
2
476
57
72
18
53
295
384
169
124
